u
9 5 87
7 3 69
1 4 51
4 0 10
6 0 73
3 8 99
9 4 54
1 0 47
7 8 95
8 4 63
5 2 95
4 5 54
5 3 78
4 9 15
0 4 89
1 6 81
3 7 81
4 3 1
5 8 95
2 8 80
7 2 29
1 8 46
6 5 3
8 7 39
8 5 14
7 9 98
3 1 91
8 6 6
4 8 11
8 1 28
6 7 21
4 1 91
0 7 80
6 3 99
6 9 11
2 3 88
8 9 22
9 7 40
3 0 30
9 8 5
3 9 97
2 1 10
0 5 32
1 3 1
5 9 84
8 3 23
9 0 76
9 6 37
5 7 22
8 0 60
9 2 12
7 4 71
6 8 46
4 2 49
0 3 45
7 5 29
8 2 81
2 4 29
4 7 2
9 1 36
0 1 78
3 5 35
0 9 88
1 9 21
0 2 85
7 1 18
5 6 73
6 4 80
0 8 94
2 5 16
9 3 28
5 1 45
3 2 13
2 9 41
2 0 38
0 6 41
3 4 74
7 0 48
5 4 16
1 2 68
1 5 94
6 1 31
2 7 18
1 7 48
7 6 2
5 0 57
6 2 96
4 6 14
3 6 17
2 6 94
