u
92 93 14
20 89 52
46 52 69
19 52 22
40 68 28
17 92 39
47 66 32
47 85 82
12 68 37
25 46 61
16 19 86
40 89 87
35 81 93
0 42 97
41 55 62
22 71 73
4 60 55
7 74 99
53 54 57
13 20 6
4 96 99
63 80 70
32 68 51
58 64 16
75 79 92
29 75 66
39 40 39
3 85 37
68 75 48
66 96 15
29 79 77
54 92 63
68 86 62
24 36 62
43 98 42
48 57 63
13 36 84
3 11 64
7 77 100
61 95 74
42 54 89
15 81 3
56 87 53
1 5 33
25 56 78
19 35 57
41 66 75
6 94 100
9 94 74
35 68 99
38 47 37
56 59 75
0 79 72
59 60 38
24 52 32
2 39 68
14 87 63
62 82 57
41 81 36
78 94 40
56 95 11
56 84 81
32 85 84
50 84 41
65 86 29
9 92 98
17 83 32
2 50 55
64 65 37
27 73 92
17 95 42
63 64 47
32 52 28
56 62 76
51 88 19
15 18 30
63 92 1
10 67 18
0 97 88
50 58 1
78 79 51
6 12 33
42 83 11
19 73 28
19 92 41
43 87 97
4 76 91
8 80 53
0 83 45
34 43 70
70 80 54
10 90 15
76 78 34
54 74 7
74 79 59
11 43 85
5 93 8
47 93 95
63 66 82
11 55 95
76 87 96
23 61 93
82 83 60
58 71 87
79 85 47
42 80 76
62 99 90
67 81 95
29 95 76
0 59 51
58 80 28
50 78 26
86 87 35
13 15 93
46 57 39
48 54 62
68 92 2
40 95 80
54 91 27
80 87 26
32 91 92
75 80 51
34 93 51
23 92 11
60 67 76
61 64 95
49 93 91
36 64 21
29 43 33
66 84 99
12 16 38
35 49 9
10 80 66
10 38 69
37 98 43
80 96 88
21 83 28
40 84 25
8 15 30
12 43 33
29 50 49
44 73 73
21 74 100
27 56 72
27 75 85
16 44 24
48 70 32
69 70 57
28 69 35
18 44 52
26 73 12
12 94 92
17 35 59
13 83 51
48 65 38
7 42 28
24 71 32
14 74 30
7 53 42
42 50 10
11 62 32
55 58 85
35 77 97
42 43 7
3 39 95
16 49 88
70 99 14
8 82 46
3 13 42
74 83 4
29 54 9
1 23 93
40 86 60
46 61 25
13 76 24
6 21 42
77 91 4
26 61 28
38 40 10
62 68 14
46 74 85
75 90 81
12 88 7
40 48 47
49 59 14
44 76 50
33 62 16
1 35 22
7 52 45
46 71 29
30 62 32
40 90 57
3 99 71
16 41 78
3 29 12
28 89 73
64 79 69
0 58 15
9 55 84
77 90 34
9 13 87
8 16 68
14 61 36
71 94 100
5 46 98
37 92 78
49 95 71
56 74 62
21 95 80
26 37 47
19 57 60
49 65 84
20 52 93
60 90 34
27 89 62
36 55 27
43 62 80
9 75 39
7 66 77
9 93 29
65 70 87
2 57 60
77 92 93
54 58 39
6 72 73
78 82 45
84 98 11
34 42 9
17 97 53
76 98 32
7 21 24
17 71 37
3 69 16
7 58 91
2 89 25
61 82 45
34 36 56
59 62 75
9 45 1
7 13 25
30 84 22
44 89 85
18 39 69
16 45 51
45 97 57
32 93 44
19 59 95
51 95 37
47 52 83
83 99 20
66 71 66
40 47 39
14 60 79
68 84 33
13 99 63
2 31 33
71 81 25
71 84 30
8 84 66
23 47 39
55 69 46
46 56 86
29 39 62
7 62 51
2 40 95
86 89 70
11 92 100
17 31 75
33 63 67
25 84 76
10 85 36
12 42 67
57 62 13
49 68 10
74 88 42
63 79 36
36 63 68
17 80 88
17 33 13
33 92 71
65 73 77
90 96 27
58 68 33
72 87 62
3 10 54
8 56 74
20 91 19
25 40 19
66 81 83
32 99 63
21 68 32
5 12 47
54 87 31
27 45 74
11 70 71
4 33 75
69 74 81
90 91 46
54 94 47
21 35 97
40 78 91
72 98 25
0 44 40
12 92 35
78 80 54
23 83 85
37 38 31
55 89 84
54 86 48
48 81 35
72 96 100
24 55 77
31 95 78
49 97 40
41 65 98
48 60 97
40 99 42
13 53 53
35 88 16
70 71 49
32 38 42
35 90 25
47 71 30
31 61 93
6 54 87
27 30 21
67 91 63
16 40 28
39 92 99
54 61 4
47 87 95
30 96 60
36 54 48
64 89 33
7 34 31
26 38 33
1 8 80
12 53 39
1 66 21
47 54 39
50 74 15
31 35 53
61 68 70
5 10 67
39 70 30
45 94 56
41 78 63
55 97 55
20 80 47
11 84 35
6 99 85
33 67 12
2 49 91
34 77 30
7 63 48
27 99 2
32 81 7
58 89 26
32 84 12
45 68 16
38 66 41
9 71 17
2 25 40
27 71 61
12 34 15
82 92 34
21 31 84
0 49 76
36 65 61
39 48 1
24 94 20
10 50 2
24 96 66
31 75 57
42 81 88
17 74 82
62 84 94
70 74 39
38 46 45
69 75 95
24 40 26
10 24 70
54 73 43
66 95 49
40 71 22
13 89 48
9 43 89
4 55 10
45 93 99
73 95 99
3 72 74
4 67 20
19 71 81
59 69 67
12 22 31
1 76 51
67 82 56
25 28 90
64 71 85
33 38 37
2 69 72
34 48 55
52 60 93
70 85 39
45 78 33
11 97 70
2 38 62
18 88 71
52 62 31
53 82 57
49 91 34
63 84 6
21 69 55
29 40 10
53 68 51
31 92 90
1 36 89
16 32 97
53 95 9
20 36 59
12 58 64
52 55 4
61 67 58
35 84 32
43 84 45
11 77 87
7 20 56
38 87 34
60 84 58
44 49 4
6 76 48
75 99 79
22 75 92
8 14 66
51 85 64
67 92 49
72 92 21
17 52 28
29 32 37
65 89 23
21 56 88
23 34 61
95 99 56
31 89 47
27 96 1
34 54 50
17 49 80
93 96 30
36 85 71
8 44 79
65 98 85
15 39 14
53 85 84
88 93 66
16 31 76
35 86 80
65 95 93
50 93 4
73 90 89
31 70 23
12 86 84
42 53 70
95 96 13
47 59 22
14 33 20
16 86 25
16 72 90
71 95 4
30 40 9
34 41 83
50 95 63
18 90 64
16 51 44
33 40 6
15 31 41
27 34 34
60 82 54
9 90 43
30 89 22
43 86 89
63 68 66
15 26 47
42 86 58
11 99 39
4 78 51
25 92 11
20 85 6
8 40 53
7 83 46
4 93 36
28 96 47
0 36 5
55 59 31
4 63 49
34 50 37
17 64 80
83 91 27
50 51 90
48 85 10
58 61 74
19 32 45
32 56 60
30 81 36
21 84 84
9 53 29
64 95 68
8 32 67
74 97 40
0 51 3
32 63 76
25 47 79
23 48 51
16 62 20
10 98 45
12 36 63
17 54 21
5 77 48
25 30 31
51 73 14
1 84 39
72 73 76
22 23 54
34 81 100
26 76 6
28 93 88
32 97 87
44 77 9
2 85 5
11 18 59
44 99 27
60 69 100
27 91 75
57 93 25
58 69 45
62 65 96
9 19 84
85 94 96
34 37 6
53 80 37
83 90 70
58 76 61
23 98 19
35 46 76
7 9 18
50 82 58
76 81 96
1 25 64
15 59 37
44 58 93
67 95 10
15 33 21
36 52 96
6 63 85
6 95 74
44 86 47
19 82 83
21 27 60
66 92 8
33 49 2
67 88 91
35 39 49
25 50 69
10 32 16
64 77 93
2 95 22
23 35 33
59 68 72
54 60 78
59 87 85
26 82 25
45 85 64
70 91 74
18 20 36
59 93 21
3 78 58
28 43 67
5 94 94
49 82 57
6 25 48
6 57 37
24 84 56
41 73 18
84 85 48
47 95 2
35 72 37
14 71 46
88 90 67
22 70 100
25 93 21
14 22 46
85 92 8
29 76 82
49 53 12
25 65 80
8 55 82
15 48 8
9 68 82
89 96 4
58 63 43
33 96 86
1 67 46
46 59 91
10 45 65
5 21 100
58 65 89
18 79 53
65 96 41
12 73 13
41 89 96
11 19 73
24 56 27
40 43 17
73 74 97
20 49 83
55 95 11
11 88 65
3 47 74
51 63 10
6 74 57
37 63 92
40 91 34
25 76 43
57 98 50
15 36 24
56 60 91
56 99 19
23 59 82
19 66 73
35 53 26
39 43 90
6 84 78
20 58 37
3 30 83
21 48 53
50 81 9
56 90 91
22 38 12
1 46 70
37 97 39
1 17 12
10 55 82
45 71 63
9 97 48
39 82 31
5 47 61
46 95 16
30 31 83
77 89 72
24 85 57
43 60 38
11 15 47
27 41 52
8 75 12
15 72 57
19 83 93
70 86 27
18 36 48
32 90 60
29 97 75
11 33 50
14 99 55
27 78 68
4 88 57
69 89 21
39 55 8
37 82 26
56 68 11
28 65 15
62 70 42
33 50 25
57 59 16
15 41 60
18 93 43
28 47 82
36 57 66
13 61 98
12 98 17
61 78 91
74 92 61
7 86 25
23 36 69
1 16 4
28 62 80
5 44 7
33 47 90
58 97 1
12 59 38
14 97 62
7 76 74
39 57 80
53 94 58
27 70 31
15 82 23
7 30 79
23 77 83
22 80 27
64 94 49
3 7 46
50 67 58
7 16 36
35 37 86
3 43 90
10 42 90
30 80 30
55 62 36
39 52 99
29 42 60
53 67 59
12 44 49
26 70 17
20 78 60
11 50 96
63 70 88
7 98 88
19 60 43
50 60 31
39 98 43
63 88 78
9 20 17
42 68 74
2 19 42
60 62 7
52 86 58
7 38 50
0 91 11
31 47 41
23 27 49
33 55 74
17 21 9
92 99 59
78 99 84
73 75 82
25 88 29
3 26 4
53 65 96
7 51 2
27 82 70
56 72 77
44 66 15
45 83 73
0 95 79
66 74 49
21 67 42
57 99 35
72 75 34
24 53 24
37 72 22
58 70 61
7 82 82
55 98 18
45 81 40
24 51 72
71 79 14
25 57 32
41 83 37
15 45 75
65 88 57
31 51 14
81 84 32
95 98 63
33 61 56
65 83 63
23 29 97
20 34 96
22 64 30
65 76 60
2 5 65
22 27 84
59 73 86
71 76 79
0 64 95
78 88 18
55 71 32
39 74 34
29 63 66
8 21 7
3 57 56
14 20 44
1 20 32
30 60 89
21 59 18
57 77 76
16 35 53
42 58 84
64 88 56
6 22 100
9 16 74
30 56 91
41 96 22
19 74 46
11 79 47
49 84 79
15 83 46
42 88 84
16 96 9
8 37 1
48 61 7
22 83 96
5 28 39
28 54 3
44 62 15
49 56 74
62 90 23
18 40 34
64 86 80
31 40 69
73 96 88
8 78 15
15 34 22
31 52 79
16 56 71
32 41 38
3 46 14
20 76 14
31 67 64
6 19 57
38 39 48
10 79 12
18 61 69
25 55 41
27 88 74
69 84 42
17 56 47
57 79 94
13 62 42
76 84 92
1 57 7
40 65 75
3 88 24
80 93 82
11 49 22
2 15 71
15 52 25
44 96 83
18 46 67
54 93 4
22 85 23
32 80 100
33 56 33
55 88 78
26 39 77
31 65 88
53 86 61
14 83 21
16 81 90
57 86 2
55 99 28
4 68 89
33 60 44
19 89 90
18 30 72
18 43 11
19 72 42
46 51 3
12 35 46
15 49 90
7 29 98
90 93 4
64 74 55
45 89 2
2 21 77
10 11 82
4 45 54
29 46 73
32 95 74
5 95 27
40 70 7
45 52 12
9 83 75
16 76 1
3 91 1
44 55 54
41 79 66
14 98 32
11 54 45
9 15 62
29 34 76
2 34 29
15 58 44
52 80 16
17 84 94
8 67 83
72 95 2
12 37 81
35 89 65
1 2 29
61 85 30
64 99 74
14 24 59
14 82 37
10 91 64
54 98 40
79 83 51
16 92 79
73 79 95
40 59 73
2 64 5
5 18 35
52 74 76
27 67 70
47 50 74
16 17 26
27 61 26
2 78 61
12 61 20
61 96 30
31 62 17
22 32 67
88 95 81
34 46 70
68 93 75
96 99 21
3 23 71
8 24 89
56 83 79
69 97 49
76 79 45
6 65 69
15 91 85
66 87 60
3 49 100
10 83 27
0 69 54
11 41 91
36 68 99
3 64 85
50 83 59
15 86 91
35 50 82
54 69 65
53 91 59
43 59 100
34 80 17
68 82 50
21 36 60
10 16 94
45 87 48
44 88 44
70 96 63
35 99 95
8 12 68
6 39 29
59 63 16
31 64 89
16 27 43
53 76 57
34 65 15
66 77 1
31 99 46
29 60 63
14 85 27
34 89 79
6 85 37
37 96 60
11 17 97
53 81 27
4 86 2
83 98 36
81 99 8
76 94 56
17 26 23
9 89 66
16 46 69
3 87 58
4 56 15
14 17 98
68 90 8
47 70 4
33 69 29
62 88 87
48 89 71
40 92 63
13 24 86
48 80 22
9 36 31
9 57 90
28 72 22
41 72 94
44 64 63
21 88 37
9 84 85
14 65 44
25 74 80
15 43 73
55 84 56
19 43 14
4 9 10
32 98 22
9 54 34
19 77 12
32 46 91
11 83 9
79 99 63
33 75 35
0 4 31
50 98 59
22 87 58
18 74 10
0 67 87
29 59 42
2 18 78
33 81 92
16 68 32
19 98 84
30 68 11
25 78 40
18 83 72
39 50 44
22 45 74
19 75 36
13 30 68
59 89 3
16 53 30
52 71 88
31 83 36
49 71 63
61 93 69
3 25 40
18 41 88
6 16 100
21 87 53
22 61 31
25 70 54
65 92 74
32 47 59
55 80 30
26 91 80
1 56 12
42 51 17
5 81 10
16 99 95
85 90 63
4 42 51
36 70 68
28 73 60
85 99 4
20 64 21
2 28 95
50 55 41
32 72 65
57 92 10
23 57 40
11 12 50
62 95 37
55 94 62
28 95 61
14 19 91
62 91 39
5 76 29
25 95 73
20 88 68
61 94 81
29 80 22
8 76 26
6 89 52
11 95 61
17 53 86
60 83 83
11 28 7
13 40 98
51 68 81
12 38 25
1 28 60
10 61 52
20 51 14
40 94 69
7 48 58
59 90 68
24 93 100
35 63 64
22 94 8
21 97 46
0 55 24
5 41 61
29 93 95
35 74 78
28 92 18
9 23 35
28 55 99
40 56 19
18 21 67
9 47 99
8 98 40
22 43 83
30 59 17
0 1 30
28 44 98
5 80 2
2 70 77
41 71 7
45 57 50
38 77 63
51 67 84
71 78 8
79 94 29
57 81 65
29 53 12
48 55 5
24 64 4
43 74 87
28 59 96
58 82 7
10 51 90
20 32 3
37 83 2
30 88 34
36 46 59
7 10 34
46 77 89
31 80 35
5 19 89
51 60 57
91 99 81
47 72 39
34 61 19
38 86 17
13 43 88
50 92 15
73 89 63
48 59 73
77 86 22
6 31 45
45 72 24
38 51 36
19 34 62
45 75 29
19 51 2
13 46 76
31 91 62
57 80 68
34 44 28
44 78 71
48 82 70
22 58 43
27 40 11
62 97 30
30 34 53
41 74 21
2 76 96
61 72 10
29 89 18
26 78 47
23 43 65
66 69 30
79 92 49
36 82 65
24 28 26
27 42 70
73 85 24
26 98 2
8 50 41
0 94 34
28 35 91
6 47 15
27 28 27
16 38 34
18 35 57
60 66 39
61 88 88
53 89 94
18 28 17
11 48 30
56 76 96
23 72 82
29 88 48
36 87 48
18 64 61
57 84 41
33 74 54
52 78 93
3 97 90
0 63 37
51 58 90
45 73 49
13 78 3
74 84 17
44 74 45
9 76 50
87 89 80
0 78 52
80 85 100
74 98 73
11 87 92
50 62 70
42 65 62
21 86 59
6 98 33
8 88 12
64 70 61
77 93 80
1 54 89
5 79 87
10 87 44
3 65 97
17 61 74
5 53 34
5 56 76
19 90 49
33 64 8
5 74 93
11 35 36
78 92 37
86 88 86
60 64 59
79 84 38
60 86 77
63 76 87
32 64 68
32 55 19
69 96 85
4 44 75
14 77 34
21 32 78
26 99 40
71 98 44
53 57 90
20 67 11
43 46 5
81 92 75
19 27 6
88 89 52
9 66 88
57 75 21
85 96 71
72 89 83
48 58 10
32 36 19
2 71 49
22 90 63
14 93 55
43 52 62
23 52 61
21 71 19
87 97 64
76 90 74
51 61 80
48 91 79
31 60 83
31 77 23
10 35 1
70 98 30
80 88 90
45 90 95
8 52 34
26 45 59
67 93 14
72 86 27
50 65 60
16 24 46
33 54 46
10 57 2
9 79 53
81 91 41
47 75 84
34 64 64
40 88 94
24 92 92
19 68 90
4 50 94
31 43 21
93 99 4
85 88 98
3 77 28
15 70 87
26 75 72
34 87 24
13 85 74
67 83 76
63 82 82
3 92 43
15 40 100
1 94 95
44 48 97
5 84 72
11 63 96
38 61 70
72 80 63
3 80 46
6 11 92
15 63 60
33 90 79
4 70 62
51 53 56
46 85 36
69 93 14
14 57 53
4 65 68
84 99 9
49 88 19
69 91 25
31 98 67
43 85 52
4 19 73
0 26 64
14 86 94
21 39 28
64 92 9
70 83 87
19 85 2
52 91 62
29 73 76
60 78 25
25 60 28
11 25 59
9 91 92
14 72 51
20 56 28
39 99 59
14 56 43
33 59 82
80 98 69
54 84 56
32 50 93
34 62 60
8 38 33
36 78 96
5 43 43
0 34 22
64 68 15
15 64 28
13 37 99
1 48 72
24 41 88
21 30 49
6 91 23
48 69 92
51 72 14
57 63 92
34 78 54
53 60 38
0 80 87
7 92 26
6 69 18
48 51 51
43 82 22
6 27 21
4 99 41
9 81 46
57 61 59
49 64 51
6 51 85
20 25 44
27 64 86
45 50 67
42 91 80
33 97 53
52 79 37
19 53 35
18 96 28
89 92 41
81 93 10
6 71 40
47 90 29
30 44 21
91 97 92
22 82 94
25 31 66
23 99 28
62 93 19
61 62 63
62 96 24
45 65 65
52 89 58
12 97 4
26 42 84
29 30 71
16 25 69
42 69 11
29 62 23
14 96 36
18 66 98
58 84 86
50 87 78
17 38 92
5 55 82
43 57 45
33 66 19
30 48 45
54 77 95
88 96 57
89 94 76
7 65 16
28 46 65
13 26 46
30 87 94
87 92 96
37 68 19
44 75 72
48 98 84
37 47 81
17 41 93
54 67 36
1 65 67
2 94 11
25 29 86
50 89 5
44 91 93
9 14 34
11 27 28
55 56 29
3 27 75
7 97 75
47 74 6
21 92 56
14 37 74
22 66 71
15 61 27
15 38 43
8 58 56
37 74 52
69 80 51
63 73 22
69 71 2
51 71 86
27 37 38
4 47 27
78 83 56
83 89 88
16 83 52
18 94 10
52 73 48
35 59 29
54 62 68
9 32 77
42 56 6
39 84 50
53 58 9
28 75 44
59 97 20
46 90 32
48 68 5
0 65 8
34 70 72
45 74 61
28 61 1
41 59 27
87 88 83
45 96 79
25 90 4
49 74 2
7 68 100
13 77 90
63 74 98
32 76 14
42 90 17
37 66 15
41 70 14
82 94 81
65 84 83
27 86 10
5 58 34
63 83 39
73 77 70
1 42 41
0 25 70
10 13 57
24 88 68
8 92 29
30 50 38
9 73 77
68 80 63
3 86 81
7 12 73
29 84 92
15 66 63
41 48 93
52 53 78
38 78 92
12 50 94
25 48 33
39 45 67
40 45 91
32 87 98
59 78 9
62 92 53
39 41 69
1 13 53
52 76 38
67 70 60
38 50 6
30 98 68
64 75 33
15 80 95
30 72 15
7 96 26
14 62 78
30 33 60
61 84 94
46 60 74
22 24 21
52 66 87
65 78 48
1 87 15
15 28 26
52 98 39
25 77 50
3 62 100
22 84 8
54 71 51
7 84 29
21 40 55
26 81 28
81 97 10
19 44 32
94 96 66
54 90 77
24 31 7
79 88 27
85 97 72
30 37 20
66 70 22
13 79 70
53 62 75
15 35 55
65 82 8
71 92 99
12 96 10
34 88 36
2 83 37
16 43 61
2 60 53
43 99 44
18 56 28
0 21 6
2 97 56
48 93 22
20 61 79
38 60 36
41 93 93
23 71 65
74 94 38
25 41 72
2 92 99
4 18 26
33 70 32
94 95 96
93 98 77
16 98 10
35 70 60
33 89 18
34 83 55
36 94 13
54 65 100
54 63 27
44 72 69
69 99 77
21 99 85
0 35 38
16 75 83
27 55 68
6 35 64
54 95 100
62 64 46
6 28 61
36 93 30
15 73 26
87 98 10
27 39 73
57 72 90
18 76 9
5 36 73
24 78 40
47 86 18
47 89 23
62 80 3
32 77 94
38 73 58
13 57 3
19 47 35
36 77 35
67 69 24
17 79 53
16 39 48
58 96 19
20 87 53
44 95 55
30 77 26
36 76 52
37 90 11
9 87 15
16 69 48
8 25 15
59 81 41
56 70 43
57 65 76
12 48 61
63 95 38
9 96 77
69 77 10
15 78 49
39 62 47
74 78 28
58 81 30
35 96 47
0 12 12
24 49 65
73 81 70
28 67 60
22 62 47
52 63 75
39 53 55
32 73 68
21 60 91
15 55 78
29 96 27
28 39 82
8 73 18
8 59 83
49 78 72
30 52 49
40 80 74
25 62 78
1 71 47
51 76 3
56 69 73
37 39 18
51 98 21
40 72 75
69 83 43
65 90 34
27 62 18
17 57 94
4 11 91
28 81 92
11 30 6
41 99 33
39 67 87
2 63 1
14 27 2
20 90 43
31 34 18
50 53 1
23 58 32
9 60 99
27 46 23
2 79 66
64 93 89
9 35 42
86 99 13
31 69 96
73 78 3
67 99 66
65 80 59
2 86 82
15 65 95
41 87 49
40 97 94
4 59 94
9 41 62
12 69 41
20 98 1
25 63 9
17 86 3
28 58 40
18 52 70
5 26 69
30 93 89
33 43 50
39 63 48
6 37 46
17 82 5
1 12 85
57 60 80
9 22 62
6 64 41
10 15 90
1 14 23
2 14 47
15 67 9
39 44 48
24 26 15
44 92 54
48 96 53
50 91 80
25 26 76
12 41 76
10 68 37
94 97 10
56 75 68
28 56 64
19 55 61
38 97 28
74 96 73
25 53 71
50 80 79
34 39 38
50 96 23
45 88 29
19 64 2
5 48 46
16 52 4
30 99 95
90 97 82
45 49 74
30 57 98
39 46 70
28 34 59
41 58 74
21 90 25
63 71 99
1 64 99
56 63 84
31 56 78
20 97 17
77 96 87
48 92 14
69 92 39
19 61 67
47 96 15
34 71 60
24 34 23
31 74 24
2 24 64
92 97 65
55 72 85
0 43 22
20 62 36
8 17 46
35 36 23
13 97 64
15 75 74
0 38 28
37 67 40
14 76 70
52 87 82
59 72 5
2 47 24
2 65 78
1 68 59
84 97 88
47 91 34
5 45 16
6 46 29
50 69 13
1 96 13
34 40 63
49 73 51
43 90 26
13 80 73
0 31 1
53 56 75
29 85 53
2 7 86
68 69 54
54 66 6
32 51 56
0 77 9
35 45 98
3 94 95
17 68 17
21 93 15
32 62 70
20 31 15
1 33 91
18 87 95
52 61 55
56 89 58
65 75 25
36 41 73
38 53 77
83 95 41
42 55 27
5 30 84
42 57 73
48 74 66
0 14 60
20 33 74
46 96 29
12 80 72
3 95 13
52 56 74
57 96 20
45 67 38
25 67 37
16 73 10
9 38 87
12 66 29
20 53 29
13 32 41
27 77 22
38 41 56
8 29 98
14 46 4
37 86 95
53 93 87
7 28 21
15 85 80
10 74 17
60 94 96
50 72 3
4 75 78
32 89 27
31 58 71
19 84 25
44 61 88
13 23 49
5 11 60
16 58 92
15 96 67
8 68 39
7 43 19
40 46 37
45 92 57
70 79 54
37 53 52
13 22 66
25 49 100
32 65 33
55 92 24
66 79 5
59 77 30
28 57 100
13 73 4
29 65 72
56 91 89
19 56 33
60 88 48
25 51 1
66 68 4
53 83 4
26 47 34
35 80 26
43 56 96
40 41 56
20 94 5
28 70 52
14 94 20
21 33 56
47 55 41
79 98 39
33 48 22
43 83 54
35 47 91
92 94 53
37 50 9
6 24 92
35 82 48
5 51 77
3 45 5
59 83 36
53 78 23
15 51 3
8 30 15
54 59 34
38 81 86
37 80 9
20 70 11
71 93 45
58 67 44
62 63 95
79 81 4
27 63 58
9 30 22
60 99 24
46 98 49
5 25 37
81 96 17
47 80 60
94 99 34
17 23 32
39 94 5
16 87 84
50 79 98
4 87 22
16 80 81
50 54 41
29 72 33
25 71 39
11 71 64
24 50 77
22 96 51
1 32 4
82 96 54
25 82 90
0 8 30
19 70 10
97 99 48
8 61 91
15 54 17
14 64 62
2 93 21
33 76 42
26 72 25
7 89 82
18 59 9
56 66 87
60 70 49
22 33 21
10 29 32
5 63 8
34 75 22
3 68 31
30 46 34
29 69 74
33 34 58
32 74 69
20 84 52
2 81 37
7 75 96
79 95 89
15 62 96
19 46 56
17 93 76
8 99 49
3 8 57
55 61 45
70 95 79
38 67 85
34 74 76
4 23 66
45 63 16
1 91 34
13 67 11
52 93 9
31 63 41
45 56 13
28 86 64
16 22 61
13 21 16
8 13 22
49 63 78
16 59 64
39 87 44
10 47 48
36 43 13
17 60 33
8 87 65
13 28 32
47 94 50
0 7 22
39 64 73
28 78 14
35 44 66
32 82 13
37 94 96
24 62 21
51 86 15
3 9 69
40 77 9
15 22 26
23 24 62
53 96 94
0 92 79
46 88 45
30 79 48
0 41 33
1 98 46
6 23 5
30 75 50
21 34 55
17 43 55
4 22 82
54 97 60
78 84 63
25 80 48
1 89 54
16 37 48
27 48 100
3 71 34
7 22 83
83 93 26
24 29 99
1 93 65
76 92 51
23 33 100
11 68 76
35 52 37
11 59 27
20 73 56
24 98 54
34 47 15
28 66 43
53 92 55
18 31 15
8 34 2
40 83 55
17 28 2
38 88 78
88 94 30
29 90 80
33 80 57
45 61 62
19 97 49
7 33 46
11 61 49
29 98 62
70 76 13
12 29 70
6 82 35
41 84 81
6 40 38
69 95 86
36 50 71
86 97 24
1 37 95
2 6 52
1 9 33
49 69 69
10 60 42
37 79 15
4 94 14
45 53 76
20 21 13
15 98 63
33 87 86
54 82 33
36 86 7
38 43 38
13 14 44
9 42 34
26 57 53
55 90 9
16 65 68
16 84 81
15 87 62
56 67 86
59 94 1
84 95 20
41 85 36
7 64 1
15 79 63
33 65 44
30 38 65
28 99 20
45 48 95
44 56 67
13 59 29
11 90 79
55 74 78
9 51 96
57 70 37
74 93 61
81 98 41
44 67 81
7 90 30
82 88 57
1 59 1
59 84 6
21 24 38
25 52 41
3 73 14
39 68 88
40 44 21
21 61 41
33 83 47
20 38 33
51 65 37
48 50 34
27 58 92
18 62 80
44 51 86
36 81 39
53 70 1
6 50 31
50 99 4
10 37 33
22 81 27
53 90 64
51 94 41
1 19 26
12 25 57
23 97 32
2 55 10
31 94 40
2 74 23
5 88 67
19 81 39
67 76 33
10 31 80
11 38 36
75 92 88
52 96 40
18 57 99
9 77 57
11 14 29
11 93 93
14 66 99
72 91 47
12 85 57
34 56 24
60 65 70
82 98 74
33 99 17
32 43 61
11 86 53
42 76 77
18 84 94
6 66 1
43 79 5
3 40 68
70 97 19
24 72 82
2 99 42
61 66 73
14 63 43
31 86 67
34 55 41
44 84 6
4 7 73
63 89 91
27 95 67
21 50 12
35 56 65
17 62 81
2 84 40
38 76 41
17 39 97
61 86 28
2 80 42
76 99 67
4 29 74
41 69 39
58 99 2
43 47 12
0 29 25
0 6 41
46 47 9
13 55 5
44 54 89
16 48 24
20 99 98
6 36 67
7 69 39
36 47 96
14 29 17
30 47 74
11 96 83
35 64 36
22 79 73
35 98 34
22 74 79
62 72 65
73 80 55
2 30 8
1 86 27
8 42 3
0 72 98
14 91 90
45 95 49
59 74 86
73 91 5
28 42 38
58 60 19
62 75 83
11 24 48
33 77 54
34 72 87
32 58 10
18 89 79
3 61 61
12 71 69
26 62 36
13 95 22
29 52 69
44 68 53
0 90 77
52 90 10
62 85 87
37 77 92
9 72 23
52 83 7
52 72 77
1 73 33
9 67 29
72 84 88
64 87 80
13 71 28
75 83 2
0 20 31
63 72 47
58 62 67
5 98 7
85 91 89
10 23 3
21 70 35
70 73 56
41 50 57
56 73 81
59 75 3
17 24 99
52 99 85
68 70 30
22 40 15
42 79 1
43 75 34
8 54 55
12 60 40
49 72 48
74 76 72
71 83 87
27 32 41
14 43 20
6 30 91
0 45 50
26 67 72
27 59 36
32 60 54
54 64 74
41 77 1
71 85 25
56 77 41
8 27 56
59 61 94
63 67 79
43 53 86
22 49 90
39 79 53
44 85 99
14 38 39
26 41 32
78 87 13
21 51 24
7 19 60
83 92 86
20 77 73
82 93 82
32 71 17
22 65 47
61 87 13
55 81 4
12 31 65
4 34 57
5 9 31
6 26 52
35 42 48
45 69 77
42 99 39
52 84 21
70 78 92
75 93 45
80 86 58
13 69 37
14 49 2
7 88 65
48 83 13
9 26 83
12 72 79
28 30 85
43 61 57
36 59 82
10 95 69
37 40 93
17 48 40
44 93 70
31 48 19
23 54 16
82 95 33
28 80 64
14 55 59
41 94 34
8 49 19
40 82 91
73 99 44
20 29 28
22 86 65
8 89 91
27 85 10
40 69 14
6 48 66
28 85 34
48 87 81
38 84 1
31 32 24
8 72 43
63 93 53
46 83 55
38 44 50
27 57 32
54 76 5
22 52 80
13 18 61
24 45 34
6 78 66
68 79 26
62 66 10
7 94 34
14 92 75
75 85 8
45 82 99
37 43 94
31 57 94
5 33 67
10 92 26
22 95 19
35 93 79
55 96 85
14 32 37
42 49 18
14 73 75
17 42 49
18 24 87
26 95 81
35 73 100
45 54 13
74 87 6
17 32 4
29 44 76
9 98 52
2 62 83
50 57 77
5 49 24
80 89 48
4 10 65
18 68 22
29 94 55
28 63 99
18 26 25
24 70 53
47 57 93
22 41 38
94 98 85
26 50 28
53 69 88
39 83 11
17 37 68
12 45 55
31 88 49
66 90 95
40 66 68
43 94 47
9 52 70
75 95 25
15 50 50
24 83 5
61 79 69
3 5 60
8 45 6
44 87 68
44 45 71
11 74 5
4 14 25
41 44 26
27 83 6
36 80 75
35 62 58
9 17 89
21 78 23
33 39 19
4 8 72
41 90 34
46 84 93
65 99 25
43 45 60
5 59 41
49 94 79
42 73 91
14 69 49
39 96 20
73 94 21
31 76 65
25 36 88
62 98 41
3 6 15
10 58 70
37 76 84
6 83 78
56 94 21
21 98 99
58 87 62
47 63 75
40 61 100
20 50 34
61 97 85
68 77 35
60 77 82
76 83 48
60 93 26
66 91 63
49 89 98
61 83 42
10 52 9
36 56 94
14 52 71
16 82 92
49 58 7
4 51 37
23 42 100
63 81 87
29 71 5
45 70 49
39 42 52
17 47 74
1 27 12
66 76 10
38 63 80
11 37 44
71 80 33
63 69 90
25 42 70
2 20 33
14 45 44
1 60 81
2 96 28
64 78 62
37 70 12
97 98 57
26 27 99
30 97 99
64 90 72
41 95 70
23 73 42
65 81 77
93 97 12
13 25 20
59 99 41
9 65 64
64 66 65
30 45 30
11 81 100
17 20 75
50 63 17
34 69 88
25 99 65
26 29 37
67 89 46
52 69 8
1 4 98
90 92 30
24 90 76
13 16 28
3 83 11
79 80 42
72 99 9
10 81 52
29 87 96
80 97 74
24 44 81
16 66 86
75 88 53
12 54 27
22 39 9
19 65 7
0 27 91
21 82 89
60 68 75
42 61 28
83 94 2
80 83 31
7 99 17
49 77 86
23 53 59
1 11 6
28 71 17
45 64 98
24 99 30
59 82 63
2 26 15
37 42 33
38 59 54
68 88 20
19 33 68
29 61 56
27 43 15
41 82 39
47 53 14
68 98 41
79 93 7
13 91 53
5 60 51
52 59 46
25 38 57
36 44 31
6 92 87
21 44 52
3 96 97
79 91 18
43 76 33
35 79 25
8 97 51
14 78 34
43 97 92
5 42 10
70 88 3
10 43 28
35 94 40
23 30 37
62 67 75
3 17 46
9 99 13
25 72 68
40 62 2
38 90 9
46 87 17
24 33 52
42 60 71
4 74 52
9 78 75
50 75 69
47 99 92
77 99 19
29 99 27
18 72 35
42 82 72
10 53 32
8 18 13
55 82 57
1 58 39
36 73 61
54 75 23
35 58 49
6 33 4
24 60 23
0 53 78
1 85 34
33 91 90
23 38 8
40 87 21
85 93 32
6 79 12
34 66 87
33 68 79
1 99 53
2 73 61
49 92 35
60 98 9
33 51 31
65 85 92
52 97 30
31 55 8
17 66 87
0 71 81
2 82 2
65 71 49
11 69 26
23 56 11
47 81 10
8 53 87
17 45 41
22 67 1
89 97 41
5 61 65
39 95 76
28 87 29
47 69 13
46 92 53
37 64 89
27 53 91
66 75 57
1 3 75
36 60 94
26 49 9
19 69 22
5 31 78
32 70 53
39 65 25
25 44 48
43 54 100
5 40 19
63 65 24
8 69 44
25 37 45
27 29 40
0 30 39
40 74 54
5 97 1
34 68 14
33 37 58
47 78 75
30 67 88
46 48 23
16 64 40
70 82 14
13 47 14
47 58 96
37 99 59
38 69 5
19 30 43
67 98 27
24 65 59
18 65 74
49 75 70
71 87 38
24 81 3
14 75 33
0 74 58
13 72 84
18 86 96
60 73 45
21 49 63
58 98 77
55 68 56
26 48 39
58 74 97
0 19 14
6 70 86
16 91 11
6 38 53
88 98 38
16 29 72
76 93 3
3 58 7
30 32 93
9 24 28
23 84 58
16 47 62
2 45 41
27 81 54
55 77 10
77 94 93
26 43 58
60 80 74
58 85 97
85 89 89
15 89 11
12 51 24
28 50 68
51 56 23
42 84 41
34 85 47
78 95 96
82 97 46
60 63 83
44 65 96
45 80 44
48 53 87
68 72 14
87 94 66
35 87 13
64 97 22
40 51 85
65 87 61
28 82 90
15 56 89
27 50 33
49 54 53
13 33 50
88 92 87
13 65 2
16 20 52
51 96 27
43 44 83
34 58 24
15 53 97
17 65 64
15 37 89
49 51 61
84 87 44
20 96 48
14 54 29
6 73 89
22 72 96
37 57 9
40 52 40
77 78 70
0 37 2
36 39 52
2 23 95
54 79 10
11 75 100
26 46 21
29 36 81
10 93 93
30 51 40
9 10 64
45 60 74
20 86 16
32 92 14
60 71 67
25 34 20
29 38 19
37 58 72
96 97 66
15 57 57
37 52 28
48 77 15
41 97 28
30 54 28
26 66 97
57 89 32
25 43 82
17 99 24
17 18 99
42 64 33
48 62 13
36 45 85
52 58 64
76 86 68
42 98 31
5 13 37
27 76 7
35 78 6
9 74 38
2 52 4
39 59 21
64 91 20
62 71 50
4 84 71
9 25 38
41 92 47
32 75 36
38 70 4
26 52 67
58 92 60
7 41 25
51 78 79
11 31 2
12 26 35
41 45 93
4 73 33
54 81 58
40 49 94
25 86 34
7 78 28
0 98 41
16 88 36
7 80 74
12 81 92
72 78 33
7 71 25
13 70 51
51 99 30
35 91 79
44 83 33
6 9 25
1 45 74
71 99 61
15 21 42
11 94 34
72 94 98
4 72 87
19 48 86
91 94 68
1 72 69
13 19 62
41 54 47
14 40 65
37 85 42
18 45 84
60 92 47
24 95 48
56 81 45
87 90 82
36 37 61
44 80 98
6 61 26
30 90 87
21 28 6
26 36 31
10 40 29
2 4 29
29 78 25
41 67 83
8 96 17
20 28 66
22 25 89
8 57 62
68 87 56
86 93 76
23 80 49
35 61 54
3 74 61
7 61 63
63 99 94
35 76 39
1 55 91
9 63 22
50 68 99
92 95 60
72 88 26
26 31 50
49 85 76
50 61 96
23 93 1
35 41 58
25 91 70
7 55 2
37 75 80
6 44 48
67 72 2
20 37 20
60 61 26
73 92 34
19 49 3
31 71 9
25 33 78
38 45 2
2 33 59
30 86 61
18 22 58
57 83 39
21 54 88
16 18 32
72 81 93
26 86 12
11 80 70
38 74 43
23 74 14
47 51 16
12 27 32
36 42 97
82 85 51
37 56 56
52 54 80
37 55 97
18 71 71
30 58 56
18 29 74
9 27 44
21 75 39
44 69 82
31 68 74
46 78 67
19 42 97
51 81 44
8 41 39
38 75 15
67 87 70
21 37 53
65 66 17
2 37 19
10 94 78
30 71 8
34 35 15
0 10 9
83 88 79
11 26 89
13 93 79
10 66 100
4 21 45
42 67 78
73 88 8
26 55 99
58 90 14
25 97 65
38 95 91
44 57 61
18 54 93
45 62 1
37 54 63
68 78 62
1 51 27
11 39 41
5 34 28
30 66 27
61 91 72
24 37 3
17 76 29
38 57 78
54 89 33
60 87 13
5 57 96
75 89 95
18 55 35
64 96 3
38 92 35
20 39 27
19 25 11
5 50 93
18 25 48
35 55 48
6 42 57
36 72 69
23 86 53
72 97 22
23 89 58
35 92 51
14 28 4
49 83 98
17 30 47
49 57 82
35 71 5
4 24 22
43 70 59
70 75 97
46 69 60
14 25 69
48 78 93
37 62 47
83 84 2
24 77 47
7 31 76
33 71 47
27 66 34
7 11 97
18 38 70
55 64 100
80 91 21
57 90 2
24 75 95
18 75 73
23 90 26
27 80 90
11 45 36
15 90 36
41 86 1
40 55 45
47 62 98
63 90 21
50 64 20
8 46 64
26 84 91
18 81 9
20 93 100
3 19 30
7 56 82
21 26 70
11 42 88
6 87 44
37 73 10
12 24 44
0 81 65
32 34 9
21 53 65
22 69 40
57 66 8
32 78 52
69 72 6
33 36 79
3 79 57
24 74 4
4 95 62
12 40 1
29 66 30
1 31 86
61 73 86
45 58 34
14 67 51
19 94 58
46 68 52
56 97 17
60 81 7
4 27 25
3 90 57
58 73 91
79 87 51
53 63 24
39 80 16
10 49 69
50 88 93
16 67 21
24 38 13
31 78 14
12 95 71
58 78 61
1 6 42
49 66 78
60 91 28
38 93 45
42 77 42
17 70 36
45 91 86
8 39 90
0 87 84
20 23 100
49 80 97
67 90 7
4 98 39
15 68 90
58 75 5
34 49 47
12 14 95
7 45 29
26 88 60
59 65 21
21 38 1
1 75 10
15 95 85
5 70 65
61 80 34
19 37 21
27 94 43
26 35 25
14 50 86
5 37 9
49 79 6
80 95 87
23 44 86
10 73 21
12 30 52
96 98 40
62 77 5
26 71 69
66 88 68
71 86 17
6 59 37
80 81 44
9 29 68
26 63 100
35 67 34
4 81 61
0 28 1
25 75 49
12 52 53
20 40 12
31 53 50
42 62 86
1 44 97
48 63 71
69 76 72
59 85 83
20 35 18
39 78 49
4 43 48
33 73 29
55 70 53
82 89 26
11 53 62
10 97 44
13 44 30
34 76 44
0 96 10
12 19 10
67 75 64
8 28 10
89 93 87
68 96 67
19 93 9
83 87 47
48 90 79
21 91 78
40 96 76
19 95 55
42 66 46
4 80 64
12 49 10
68 91 73
0 23 33
1 80 46
2 61 57
50 56 51
8 93 31
28 38 9
16 21 81
77 95 94
37 69 39
9 28 47
34 86 48
69 87 48
43 63 21
47 88 19
28 64 38
4 38 80
56 79 14
47 49 27
7 24 25
12 28 85
20 66 94
14 80 7
22 35 18
35 54 16
13 31 63
67 73 71
6 10 79
45 77 47
40 85 34
36 53 60
44 94 24
44 90 53
48 75 39
41 75 73
13 86 12
17 40 66
42 46 76
41 68 70
9 59 2
43 78 32
18 82 91
10 96 36
14 79 37
10 86 28
33 72 4
86 98 37
48 67 53
22 29 91
93 95 82
20 83 6
41 42 30
2 66 93
21 41 70
5 71 88
28 37 1
46 89 100
64 73 76
7 32 9
6 53 44
9 88 19
29 33 84
48 76 78
43 68 57
11 23 66
2 3 50
61 70 19
21 45 17
67 79 9
57 95 27
42 63 96
62 73 34
14 48 53
91 95 16
1 24 61
7 87 15
27 65 28
9 18 94
36 97 24
47 79 25
67 97 12
8 74 86
45 86 94
11 56 10
43 49 70
55 87 20
39 93 91
23 25 89
24 91 39
0 24 43
30 39 74
20 68 87
36 74 53
59 67 69
5 67 62
45 84 61
52 70 28
24 47 53
16 50 45
22 51 30
48 88 33
13 68 13
6 13 31
27 87 42
29 57 12
3 93 36
9 40 44
6 68 88
0 61 59
49 76 60
1 34 78
10 28 78
1 30 80
82 91 61
16 77 53
2 59 24
36 38 62
3 12 60
9 33 17
57 68 3
76 97 62
70 90 33
15 94 53
4 41 4
11 64 38
61 75 68
43 89 50
67 77 99
19 54 43
74 89 38
86 92 31
46 86 42
12 65 7
52 85 15
22 54 44
95 97 45
0 15 23
83 85 3
64 81 5
37 81 38
29 49 96
44 79 79
0 48 92
86 94 53
4 57 82
21 58 24
28 98 25
25 54 75
21 80 42
38 65 40
5 24 57
5 68 100
12 21 34
28 94 27
31 66 74
28 84 19
89 90 33
10 62 78
87 95 56
24 80 80
32 35 91
32 48 30
11 91 22
22 42 60
47 48 70
47 84 23
88 99 30
11 51 71
3 84 29
22 98 76
10 89 9
56 96 40
28 52 43
60 74 50
40 58 41
24 63 89
31 33 31
34 95 4
0 5 98
18 91 85
4 46 40
7 79 97
20 65 5
16 63 52
33 93 52
12 70 43
39 72 49
24 76 41
46 66 21
75 82 17
30 78 83
68 89 95
10 88 39
28 32 60
1 29 31
0 16 61
12 63 16
19 29 68
14 21 47
52 67 80
43 73 53
2 91 44
23 75 61
60 96 13
23 65 53
6 88 3
8 26 21
45 99 76
69 85 83
46 49 43
13 45 29
11 57 66
19 86 63
11 89 55
67 84 62
36 96 84
69 94 24
44 53 81
9 69 21
90 94 49
53 97 26
43 91 56
2 44 66
18 98 46
34 84 59
30 63 6
24 59 76
47 67 17
0 66 29
8 81 91
65 94 96
1 61 66
6 15 9
6 34 22
7 15 33
23 69 13
36 67 39
13 75 42
7 36 92
17 58 43
6 32 70
56 86 87
77 97 65
32 49 57
13 82 58
4 54 94
18 70 81
78 85 8
7 40 39
47 97 30
39 97 40
46 91 12
24 82 49
12 78 97
22 44 29
15 23 41
26 69 27
0 46 46
37 59 50
39 51 45
31 72 91
41 62 53
21 62 52
14 26 83
49 55 3
52 88 60
62 69 10
48 79 43
43 71 49
84 86 93
38 42 86
58 83 88
87 99 84
29 47 63
4 39 68
11 76 37
67 68 39
36 61 48
12 84 9
10 75 47
33 84 71
26 32 94
59 64 28
4 48 9
51 91 54
20 60 79
23 94 45
21 96 63
57 73 83
38 62 41
29 68 14
18 85 28
13 48 32
74 95 84
1 10 86
3 41 66
35 60 11
13 41 29
3 53 76
40 60 6
46 63 33
32 66 90
33 42 23
16 33 82
20 92 17
45 98 27
22 88 44
16 26 79
7 73 53
42 44 32
11 36 75
85 95 88
29 55 34
39 49 65
26 89 65
19 26 80
47 77 9
36 49 40
2 88 56
66 82 57
23 46 84
21 65 42
49 86 92
12 76 93
61 92 90
19 62 16
70 77 41
20 82 42
79 82 21
69 98 39
43 48 23
5 7 68
54 57 59
38 79 74
65 74 47
49 60 52
66 67 68
63 97 67
51 54 93
62 74 22
38 48 64
18 33 82
13 60 71
62 76 68
23 50 44
8 64 60
19 36 97
6 96 99
92 96 38
13 90 71
45 51 11
42 96 22
34 97 28
11 34 95
78 86 18
78 89 23
3 67 53
59 96 35
3 28 61
5 39 19
33 94 26
74 75 76
12 93 5
16 28 46
66 94 12
11 13 49
51 77 66
12 47 10
51 90 5
55 86 56
46 70 91
19 80 8
48 99 66
72 83 64
88 97 52
31 85 47
0 99 74
40 63 66
5 66 98
44 60 2
4 66 67
29 67 86
32 54 27
17 55 44
21 64 34
8 19 20
64 84 67
21 22 37
44 97 5
3 55 69
18 37 55
51 74 10
66 89 31
13 66 90
73 87 35
80 82 7
27 92 14
38 82 37
68 97 68
19 39 74
36 88 87
4 85 93
57 76 31
0 52 96
16 78 14
41 98 46
56 61 19
47 60 16
10 71 76
16 89 28
19 21 33
50 85 6
2 67 65
4 79 32
51 64 99
8 9 45
98 99 54
2 41 12
22 60 26
0 88 32
31 38 82
1 49 71
38 54 72
91 92 85
21 42 62
8 91 97
77 85 70
27 35 85
27 54 98
47 92 38
13 42 1
53 59 4
1 18 74
8 31 59
9 86 56
52 65 51
39 71 2
77 82 14
32 94 57
62 83 31
65 69 13
63 96 31
33 86 82
59 66 39
30 92 51
36 89 4
50 70 87
1 52 85
59 80 95
21 94 76
11 16 1
26 33 38
9 21 24
38 94 89
62 94 31
24 66 15
48 94 19
25 79 15
61 90 33
18 99 62
3 18 70
8 60 89
34 59 59
59 79 4
29 48 33
12 20 79
12 83 98
63 86 69
15 69 80
8 20 30
3 98 76
5 35 48
46 50 55
2 32 18
26 60 22
35 38 78
12 62 52
75 94 5
39 86 83
15 76 96
28 33 34
9 50 54
89 99 99
43 88 97
21 47 3
22 46 11
6 29 98
13 49 59
43 55 41
50 94 15
44 52 33
56 58 31
22 78 84
33 98 13
22 97 97
51 70 39
5 20 22
42 48 7
73 84 60
18 42 25
56 88 58
73 76 61
24 32 2
28 60 5
89 91 49
1 62 91
22 76 51
49 62 76
69 79 17
78 98 74
25 27 69
50 73 90
51 89 65
84 88 51
42 89 21
4 20 4
12 77 63
69 90 68
0 13 60
0 32 73
20 30 1
61 77 15
76 88 72
17 78 17
0 50 63
61 89 25
10 99 30
0 22 1
24 69 18
72 90 69
23 51 1
17 63 15
51 69 69
10 27 46
37 46 19
14 36 36
25 87 69
46 76 29
26 80 60
89 98 78
30 70 37
10 64 49
55 65 12
5 17 100
5 91 49
30 49 99
71 97 54
18 78 58
42 47 94
0 84 74
39 89 73
61 81 39
45 66 24
15 77 13
56 82 67
23 37 52
21 77 96
6 18 5
36 51 22
46 53 58
85 86 32
60 97 80
70 89 95
22 28 63
61 69 42
7 70 81
26 28 4
21 46 86
19 28 75
13 98 57
40 64 23
19 41 14
49 61 92
4 12 88
1 95 68
8 48 39
27 33 28
30 41 5
86 95 67
67 71 86
11 98 97
18 58 75
9 56 45
52 95 91
26 90 77
65 68 60
1 39 1
26 83 74
4 25 40
6 17 35
29 45 8
13 51 79
67 94 83
45 76 4
47 73 27
20 46 51
3 51 45
58 79 81
45 46 17
30 94 86
50 86 84
41 51 19
82 86 16
34 90 82
1 90 100
74 86 26
4 36 3
29 82 24
23 82 39
19 50 65
5 29 31
12 87 18
4 90 10
17 36 75
4 89 14
86 90 99
65 93 79
43 93 54
57 67 13
65 67 26
48 97 77
14 95 55
25 98 17
56 92 73
56 85 70
10 36 42
2 58 47
27 44 17
32 86 73
10 39 47
46 62 41
33 95 38
53 79 31
61 74 91
36 84 25
77 83 92
30 42 6
48 66 80
1 79 58
23 55 16
30 95 54
32 88 95
41 61 36
30 53 57
66 86 59
6 41 84
51 87 19
87 93 16
37 71 93
1 7 10
73 93 41
15 44 25
49 70 88
11 58 80
2 16 12
5 65 77
26 44 16
7 93 25
41 53 50
8 94 38
17 19 2
0 33 45
19 76 39
1 70 79
60 85 43
13 39 16
42 74 25
1 97 74
7 60 90
16 70 61
73 83 66
39 60 45
18 23 14
57 64 80
49 67 72
66 78 22
67 86 31
72 79 44
4 35 8
27 49 53
7 23 36
28 97 10
38 64 25
10 46 48
28 76 72
54 70 85
81 82 25
41 43 88
4 71 65
16 54 79
3 22 4
9 46 30
19 40 61
20 48 33
15 84 82
0 82 30
19 96 77
56 64 79
55 67 60
11 29 10
16 97 18
28 77 27
29 37 39
59 70 56
5 89 99
16 95 93
48 73 30
53 55 35
21 52 41
59 95 5
45 79 49
21 25 29
28 68 35
20 24 39
21 79 36
15 99 16
15 16 18
3 54 26
5 86 70
59 86 77
18 51 61
36 48 32
24 86 40
40 98 23
60 76 36
2 35 80
36 69 91
56 93 96
6 52 18
6 93 19
71 82 3
36 71 100
46 94 10
14 68 73
39 69 92
21 81 58
10 33 30
41 56 2
6 45 99
64 69 58
47 98 86
69 88 66
26 97 95
6 86 29
24 39 62
28 90 49
39 73 39
46 73 85
61 65 5
48 84 6
79 90 38
38 89 16
3 35 39
14 81 25
14 58 41
26 64 39
63 78 89
61 63 53
13 96 66
29 86 24
48 72 9
55 79 99
9 44 63
40 93 55
8 65 61
54 72 92
33 88 11
29 56 10
42 59 27
14 41 50
2 51 33
51 62 2
10 70 59
42 93 25
11 20 3
34 94 31
3 20 13
46 93 53
31 41 63
20 27 29
17 98 29
9 62 29
51 92 2
7 8 65
17 94 31
81 83 22
33 41 33
14 16 6
15 74 65
2 12 54
49 52 87
39 54 28
54 78 98
40 76 77
23 81 71
52 75 72
3 36 91
1 40 68
28 40 28
83 97 48
32 44 27
2 72 81
92 98 7
26 74 69
18 77 61
0 54 93
70 81 45
10 17 20
34 79 18
18 47 10
43 92 35
67 80 84
41 49 54
15 25 27
2 87 15
84 93 36
84 96 41
81 85 70
11 32 42
4 97 94
41 60 68
29 31 59
34 99 67
22 36 91
11 46 98
27 98 55
13 56 79
53 75 7
3 60 43
5 38 16
6 77 92
37 61 12
51 97 38
38 96 87
10 44 85
56 65 51
18 34 30
0 85 48
37 88 7
78 91 75
18 67 99
40 79 67
32 61 60
43 66 8
20 71 6
53 74 24
44 46 60
46 72 49
44 82 13
21 89 84
35 48 62
66 99 96
52 94 6
4 17 60
53 88 80
3 16 70
71 90 42
26 68 54
6 62 66
34 38 46
12 74 11
60 95 25
22 68 5
31 87 62
54 96 86
53 77 42
39 56 8
43 81 6
10 22 56
86 96 41
93 94 82
4 77 87
61 71 79
3 52 6
14 84 57
31 50 72
65 91 22
7 57 25
55 78 76
75 98 49
35 75 6
6 80 69
19 23 72
0 73 40
16 85 23
29 64 36
55 66 79
3 38 84
49 81 38
77 81 52
36 58 42
19 88 93
35 40 25
16 57 82
24 67 29
37 89 96
55 75 20
12 57 33
76 91 26
18 19 3
76 77 91
39 58 43
2 8 70
55 91 85
28 83 35
36 99 56
8 36 46
4 16 39
39 66 25
3 56 87
5 27 84
4 28 49
61 98 63
18 60 17
23 87 24
23 45 27
42 92 72
25 94 61
52 77 54
11 21 96
16 61 42
71 96 37
53 87 72
4 6 7
29 35 61
41 57 67
41 76 80
37 65 78
31 37 54
10 14 45
24 48 18
84 91 7
1 38 35
89 95 11
53 98 35
38 98 93
21 66 20
15 19 10
13 52 95
41 64 96
20 22 74
22 56 63
51 80 7
3 66 80
69 82 90
84 89 14
43 67 31
29 92 45
11 65 87
57 87 42
36 83 46
10 59 19
64 85 83
34 60 7
71 73 11
15 97 40
34 53 4
7 39 22
31 73 100
5 90 74
5 62 12
22 37 76
19 99 27
22 55 93
43 50 40
23 91 77
9 49 64
7 95 38
8 70 99
51 82 42
19 78 89
59 76 75
68 94 49
36 66 55
9 58 5
18 95 29
35 51 80
10 77 22
18 53 32
2 98 31
14 44 15
22 34 47
22 59 77
74 82 74
13 34 63
21 55 75
28 48 1
45 55 17
0 89 48
53 73 84
13 29 69
6 67 49
81 88 60
90 99 27
75 81 31
37 95 12
36 91 17
23 95 37
20 55 64
25 45 65
70 84 24
37 41 18
4 15 16
46 58 89
30 82 40
21 63 33
45 59 85
23 60 56
16 23 60
10 18 47
9 95 34
39 47 69
53 84 84
87 91 97
6 97 62
72 85 81
20 57 86
6 55 65
10 20 12
12 79 91
15 88 20
7 91 12
75 78 96
46 55 97
10 41 71
62 87 52
27 68 2
77 79 32
8 62 75
43 77 10
1 81 42
16 42 86
40 67 85
76 80 28
30 74 54
6 43 68
13 63 29
38 56 100
13 58 99
2 48 10
30 69 60
29 83 51
26 53 67
29 41 54
75 84 8
37 84 91
41 47 52
32 39 90
23 76 26
3 70 38
58 88 66
0 60 86
2 29 10
11 67 80
3 81 25
43 64 30
23 64 29
8 11 99
12 91 33
23 85 88
46 54 63
4 32 49
24 35 55
5 69 83
3 14 92
22 57 86
31 49 40
47 61 23
66 83 75
55 76 85
1 69 34
3 48 90
32 59 58
20 69 4
19 79 86
38 99 65
27 51 37
59 71 28
8 77 62
1 22 80
16 79 61
29 58 74
26 87 27
78 96 89
69 73 4
42 71 28
52 64 63
27 90 5
26 59 49
33 53 21
28 29 56
25 59 18
47 56 42
35 85 1
57 97 6
25 89 82
10 48 45
9 34 79
14 15 38
77 88 79
48 52 17
13 54 22
4 26 58
19 63 67
23 88 65
78 81 100
30 83 37
39 75 78
16 60 74
17 77 95
20 45 23
8 79 97
81 86 31
23 32 62
67 78 53
51 66 74
33 78 40
62 89 45
0 93 76
76 89 24
24 61 29
25 61 90
13 88 33
50 97 66
9 80 36
16 94 21
43 51 25
2 9 2
28 51 46
39 76 33
48 95 90
12 99 87
22 48 79
8 83 57
8 22 47
23 78 19
80 90 28
7 26 85
43 58 41
90 95 69
25 69 48
90 98 74
27 60 84
5 23 22
30 73 75
17 81 68
3 21 42
77 80 55
1 41 27
59 92 21
21 23 4
71 72 30
33 45 10
10 63 89
38 71 21
88 91 100
66 73 58
1 78 30
48 56 3
69 78 53
33 82 13
33 58 70
5 99 30
65 97 17
42 52 70
29 81 5
26 96 23
55 93 56
17 96 66
0 9 57
6 7 37
55 83 48
5 8 33
26 94 98
0 2 17
24 27 16
15 93 3
9 12 25
91 93 39
82 84 88
24 87 3
42 94 80
23 68 57
28 91 63
11 78 3
33 35 72
20 43 32
72 74 69
11 73 9
58 86 33
38 72 97
17 75 77
79 86 58
0 3 80
12 39 21
24 73 81
41 91 27
34 82 93
19 20 58
38 68 99
73 82 75
14 31 50
15 60 81
84 94 65
64 98 96
34 96 4
12 23 26
12 64 27
64 72 80
60 79 34
75 91 13
58 77 54
11 40 87
36 98 88
17 46 45
3 75 91
47 64 81
20 63 94
50 52 68
53 99 60
15 71 44
11 44 98
0 11 51
79 97 71
8 85 50
73 97 49
3 42 35
23 66 77
81 87 54
91 96 29
1 83 79
15 24 90
18 48 11
58 91 86
56 78 36
53 61 10
18 69 70
37 44 10
75 77 77
9 37 16
40 54 56
72 93 3
64 82 60
27 72 98
63 98 37
44 81 100
47 68 41
31 39 91
49 98 62
70 93 9
28 36 61
46 97 17
22 31 48
14 34 40
68 74 2
30 65 36
68 95 61
14 30 42
72 76 76
12 32 60
23 49 99
70 87 86
9 39 75
80 94 56
1 47 88
23 39 54
66 93 81
2 42 34
73 86 7
25 73 76
8 35 16
77 98 89
12 46 79
43 96 67
59 98 1
42 70 47
3 4 11
11 66 61
42 75 98
27 31 56
35 66 3
39 81 16
17 67 25
24 58 26
35 65 20
44 98 12
73 98 87
29 77 34
7 81 10
0 56 51
46 64 71
27 79 86
42 95 66
16 71 39
20 75 38
5 64 49
10 65 67
7 54 28
25 39 50
41 46 5
10 84 16
65 77 51
7 46 29
30 85 74
4 53 44
58 72 7
22 99 19
35 83 23
24 46 42
17 25 54
17 69 60
15 32 36
71 89 80
30 64 28
3 44 28
5 92 16
4 69 1
3 32 58
17 50 60
25 85 7
2 36 96
66 85 70
8 33 12
67 74 29
34 73 20
25 64 69
6 14 42
31 81 62
17 22 82
60 75 63
85 98 13
23 79 60
10 69 40
74 81 95
1 77 22
54 99 84
16 30 67
38 80 98
34 45 92
10 34 59
17 73 33
50 76 51
68 76 8
41 52 37
25 58 21
54 55 54
45 47 92
24 43 96
26 56 63
4 58 80
12 89 86
14 59 6
1 74 6
11 47 8
53 64 92
61 99 39
20 54 34
24 79 32
38 58 69
7 35 70
9 82 58
11 60 68
64 80 27
57 78 52
17 72 63
69 86 96
3 33 96
9 70 61
15 27 40
1 50 12
80 99 26
34 67 82
7 67 35
24 42 99
67 96 89
44 47 91
7 25 38
5 16 76
19 31 36
54 88 55
20 74 2
43 80 99
10 54 97
14 35 25
33 79 65
46 75 18
38 83 88
18 49 93
4 62 53
5 78 28
57 82 12
87 96 16
13 50 66
33 52 83
51 79 45
5 96 18
82 90 68
3 37 56
20 41 67
20 44 72
17 29 69
46 81 38
27 97 49
18 50 35
25 66 62
39 61 50
40 42 61
66 98 77
44 70 64
49 87 26
13 94 85
33 46 22
76 85 68
5 54 34
42 45 100
1 82 47
41 80 33
54 83 87
27 36 15
20 72 9
2 68 65
26 93 64
52 82 70
28 31 82
26 58 43
12 90 16
23 62 53
50 59 31
68 85 4
84 92 76
16 36 71
68 99 23
55 73 22
2 27 10
43 72 75
50 66 47
31 82 21
48 86 32
25 83 82
37 45 37
66 97 43
15 30 87
74 85 2
11 72 12
17 44 56
29 91 55
76 95 85
20 42 92
25 81 49
6 20 92
9 61 3
19 87 23
4 13 95
71 77 72
70 92 3
81 94 6
4 83 46
71 88 86
7 37 39
19 58 86
74 91 8
6 90 26
26 54 17
2 22 42
30 43 92
48 71 100
14 88 91
1 43 77
6 60 39
18 32 100
34 57 78
38 85 81
63 94 96
27 69 5
21 29 65
29 70 79
40 75 64
37 60 61
81 89 25
63 87 93
10 76 45
4 91 4
5 52 43
23 63 54
56 80 7
0 75 11
56 57 60
55 60 4
32 67 75
30 35 42
68 81 75
17 87 78
46 65 98
61 76 68
9 48 73
49 50 91
23 26 64
9 64 17
4 61 74
20 26 69
27 38 8
22 77 62
37 48 40
82 99 90
7 72 5
31 59 8
1 88 51
3 59 17
68 71 16
39 77 75
39 90 14
32 69 26
58 93 53
28 49 19
51 57 84
0 39 20
25 35 96
44 71 87
0 40 100
51 84 15
35 95 77
26 34 23
6 8 93
69 81 47
31 54 27
7 44 40
3 82 98
5 32 9
5 83 11
49 99 36
17 90 55
31 42 30
41 88 72
68 73 51
72 77 50
53 66 8
10 56 24
3 76 37
7 27 86
17 27 12
19 24 35
4 92 42
71 75 94
22 73 36
51 83 45
8 47 4
12 17 66
75 76 85
23 28 31
24 97 13
80 92 1
13 27 84
2 77 46
49 96 20
5 72 77
57 58 7
42 78 37
84 90 43
75 97 36
43 95 99
56 71 13
11 22 46
70 94 93
12 56 7
32 42 73
37 49 78
83 86 45
9 85 10
53 72 14
28 45 6
32 96 80
44 63 63
26 77 45
17 91 23
74 90 93
18 73 34
4 52 80
11 82 73
17 59 47
22 26 71
8 23 23
25 32 25
0 47 74
1 63 49
67 85 62
15 42 86
7 17 16
50 71 43
37 78 95
16 55 86
52 68 29
37 91 34
74 99 47
9 31 29
24 89 97
22 30 18
2 90 68
72 82 86
15 46 97
7 14 68
27 52 95
18 63 59
86 91 2
38 55 57
1 21 65
47 83 32
10 72 74
55 63 73
22 92 7
22 50 10
14 42 72
15 92 41
8 71 53
31 46 83
5 22 56
37 51 96
46 82 65
1 92 66
10 19 76
7 49 38
10 21 85
26 85 29
65 72 61
23 31 34
14 23 72
46 79 73
35 97 83
77 87 64
8 10 56
2 10 34
63 85 36
78 93 24
15 17 1
13 64 21
17 34 83
16 93 57
62 78 93
29 74 79
78 90 76
4 82 65
58 59 31
14 18 91
12 75 75
8 63 16
46 67 89
55 85 63
0 68 54
55 57 1
16 90 1
28 79 59
3 31 52
33 44 90
4 40 17
22 63 45
12 13 82
66 72 94
33 85 20
56 98 76
17 88 22
58 66 60
3 89 6
3 24 25
13 74 38
4 5 73
31 45 75
12 15 20
28 88 13
20 47 22
31 79 73
12 55 92
24 54 87
34 63 62
37 93 27
57 71 40
11 52 90
42 97 50
27 84 75
28 74 91
32 37 52
22 53 70
8 66 30
48 49 35
2 43 24
3 63 87
26 30 27
31 97 76
14 70 81
39 85 35
10 12 91
19 45 83
27 74 43
14 53 33
75 96 83
71 74 16
20 81 9
42 85 66
5 73 25
3 34 42
91 98 81
34 98 15
38 52 69
30 91 82
16 74 99
32 40 53
26 40 31
57 91 65
34 92 92
21 85 17
7 50 48
13 84 68
5 75 84
8 51 17
17 89 87
51 55 42
8 95 60
50 90 32
12 18 10
83 96 92
64 67 64
42 72 86
32 33 26
48 64 22
40 53 79
51 59 53
43 65 50
31 36 68
76 82 3
13 87 86
7 59 2
31 96 55
4 49 77
2 53 54
20 59 74
76 96 22
2 56 59
47 76 5
46 80 32
21 72 37
22 47 11
43 69 61
22 91 54
3 15 31
39 88 25
51 75 10
62 81 41
26 92 45
71 91 49
16 34 29
4 30 77
68 83 83
1 53 6
57 69 49
27 93 14
46 99 58
26 65 63
6 75 19
10 26 68
20 95 94
40 73 20
19 91 12
17 51 63
0 62 37
74 80 12
57 94 55
2 11 19
6 56 19
0 76 93
14 90 7
8 86 40
31 84 84
5 15 18
14 51 15
65 79 66
36 40 36
18 97 72
50 77 14
21 76 10
14 39 82
7 18 94
6 81 89
10 30 28
1 15 90
54 56 17
40 81 99
24 25 46
25 96 14
66 80 69
58 94 14
12 33 67
21 43 75
30 61 86
13 38 7
7 85 97
39 91 96
79 89 82
22 93 48
31 44 1
4 64 13
13 17 69
34 91 80
2 54 92
26 79 91
5 82 34
21 73 75
32 53 60
63 77 52
81 90 79
35 57 2
64 76 60
57 74 85
0 17 10
36 95 82
3 50 67
47 65 46
5 6 52
8 90 13
6 58 67
23 67 69
22 89 63
10 25 60
60 72 13
36 62 26
5 14 34
23 41 53
19 67 20
62 79 50
30 55 1
54 85 47
2 13 50
44 50 19
38 49 94
28 53 21
54 80 53
57 85 48
31 93 10
10 82 55
14 47 2
40 57 94
37 87 93
58 95 66
27 47 74
7 47 73
82 87 97
26 51 75
51 52 94
30 76 73
23 96 86
80 84 34
52 81 38
33 57 57
12 82 25
19 22 88
85 87 98
13 92 43
49 90 99
75 86 64
30 36 14
6 49 71
60 89 33
2 17 10
44 59 94
54 68 69
13 81 69
5 85 61
51 93 81
36 75 48
23 70 83
18 27 68
5 87 70
13 35 74
19 38 45
11 85 80
35 69 41
34 51 80
25 68 7
23 40 32
35 43 25
28 41 50
52 92 1
32 45 12
59 91 88
18 92 25
31 90 51
63 91 29
0 57 3
63 75 21
21 57 65
57 88 62
74 77 24
29 51 4
47 82 92
2 75 85
17 85 78
52 57 57
77 84 65
10 78 29
24 57 66
78 97 28
36 79 72
38 91 39
42 87 90
59 88 32
32 79 23
81 95 20
34 52 35
70 72 79
9 11 92
62 86 24
64 83 10
2 46 40
15 47 71
1 26 37
79 96 45
18 80 41
12 67 25
4 37 69
4 31 25
20 79 18
24 68 29
36 90 72
32 83 91
36 92 81
0 70 89
32 57 75
53 71 35
0 86 33
40 50 25
14 89 54
15 20 72
75 87 65
8 43 90
0 18 20
41 63 48
24 30 16
15 29 13
