u
3 4 26
9 10 77
12 13 99
1 7 22
2 12 55
0 7 92
1 10 24
2 6 23
3 10 90
2 7 31
7 11 36
4 12 84
4 13 49
3 9 79
2 11 56
10 11 63
5 10 84
4 8 16
10 12 27
0 10 56
4 7 8
4 6 27
10 13 53
8 13 100
5 7 80
7 10 26
6 9 82
1 6 21
9 11 93
1 2 72
4 10 1
7 13 45
6 13 36
0 8 47
0 4 95
1 12 20
5 9 36
4 11 14
1 4 89
9 13 49
11 13 80
5 11 63
8 11 52
0 3 25
2 3 1
1 5 56
0 13 29
6 12 96
8 12 43
3 12 72
6 10 10
3 8 4
5 12 32
0 1 41
8 10 78
7 8 2
7 9 65
9 12 20
2 13 18
0 6 39
5 8 57
7 12 11
0 5 31
2 5 62
0 2 41
5 13 99
8 9 35
3 11 6
1 9 16
2 4 81
0 11 58
6 7 20
2 10 23
0 12 29
3 6 61
11 12 82
1 11 15
2 8 1
6 8 75
0 9 51
4 5 68
1 8 40
1 13 6
4 9 84
3 13 93
3 5 89
3 7 86
5 6 97
6 11 10
2 9 54
1 3 25
